T	E_avg	Esq_avg	M_avg	Msq_avg	Mabs_avg	X	X_prime	C
0.5	-2.0	1024.0	1.0	256.0	1.0	0.0	0.0	0.0
0.6	-1.9999843750000001	1023.9841250000001	0.9999960937500001	255.99800781250002	0.9999960937500001	1.3014322869745836e-05	1.3014322869745836e-05	0.00034704861080727924
0.7	-1.9999171875000001	1023.9158812500001	0.9999789062500001	255.9892453125	0.9999789062500001	6.456941958634032e-05	6.456941958634032e-05	0.0013867232141541426
0.8	-1.9996031250000001	1023.5969125	0.9999	255.9490125	0.9999	0.0002624249999882977	0.0002624249999882977	0.005112777343541096
0.9	-1.998978125	1022.9621000000001	0.99974296875	255.8689421875	0.99974296875	0.0005836387152650483	0.0005836387152650483	0.010163799382738673
1.0	-1.9970093750000002	1020.964425	0.9992398437500001	255.6125765625	0.9992398437500001	0.0016286360937272093	0.0016286360937272093	0.02453537749977386
1.1	-1.9940359375	1017.9516187500001	0.998459375	255.2153125	0.998459375	0.003186252272707241	0.003186252272707241	0.04108497469010856
1.2	-1.9889234375	1012.78359375	0.9971257812500001	254.5372578125	0.9971257812500001	0.005619135286423216	0.005619135286423216	0.06568406206600091
1.3	-1.9808953125000002	1004.6959312500001	0.99492421875	253.4206046875	0.99492421875	0.009853244110572108	0.009853244110572108	0.09804381323955345
1.4	-1.96796875	991.7426750000001	0.99129921875	251.58859843750002	0.99129921875	0.017155940959818445	0.017155940959818445	0.14286670918370792
1.5	-1.951696875	975.56865	0.98674375	249.295828125	0.98674375	0.025361143333327618	0.025361143333327618	0.19277905666664688
1.6	-1.928928125	953.184825	0.9798585937500001	245.8590328125	0.9798585937500001	0.04223730849608032	0.04223730849608032	0.26145112402340404
1.7	-1.8982468750000001	923.4049875000001	0.97031640625	241.1343109375	0.97031640625	0.06279135799631189	0.06279135799631189	0.32859539705880436
1.8	-1.860571875	887.6120500000001	0.95716953125	234.74868281250002	0.95716953125	0.11570214157986117	0.11570214157986117	0.43511057947531845
1.9	-1.8083578125000002	839.11265625	0.9375	225.36615937500002	0.9375	0.1927154605263282	0.1927154605263282	0.5407794665858228
2.0	-1.7453281250000001	782.8156	0.9112617187500001	213.3500265625	0.9112617187500001	0.384079513671864	0.384079513671864	0.7490031093749678
2.1	-1.6616000000000002	711.358775	-0.75056484375	193.99588593750002	0.8640492187500001	23.704240124330365	1.3672078654017754	1.0350674920634606
2.2	-1.5391125	613.3587625	-0.62056953125	162.3857578125	0.77850390625	28.9993103522017	3.2873930948153425	1.43155720247933
2.3	-1.39614375	507.39947500000005	-0.21959765625000002	122.00974843750001	0.65871171875	47.68027260699729	4.752634592323375	1.5878692079395171
2.4	-1.26399375	417.0716875	0.27885546875	86.21538906250001	0.53143046875	27.628639047851564	5.798455510351565	1.4002701892361045
2.5	-1.126925	331.8681	0.06923515625	51.586389062500004	0.38982265625	20.143700522437502	5.073677204437502	1.08133621760001
2.6	-1.0343171875000001	278.71918125	-0.0361484375	30.585743750000002	0.28999375	11.635086965144232	3.4834891307692324	0.7170559015347554
2.7	-0.9724984375000001	246.69306875	0.032647656250000004	25.114220312500002	0.26171484375000004	9.200502863368055	2.807254628182869	0.6282917351680335
2.8	-0.9120609375000001	216.98628125000002	-0.0140828125	16.162121875	0.20229687500000001	5.754053756919644	2.0305611830357138	0.5142043238998707
2.9	-0.861984375	194.1621375	-0.00098203125	13.875689062500001	0.18847109375	4.7846352344288805	1.6490422926185346	0.4696515383472034
3.0	-0.81803125	175.05473750000002	-0.005176562500000001	12.04815	0.174246875	4.013763339791667	1.4251615991666666	0.4162116944444468
3.1	-0.7746328125	157.03175625	-0.00824765625	9.2053796875	0.15243671875	2.9638598664818554	1.0505547297883064	0.3556110025364186
3.2	-0.744409375	145.1365375	0.004390625	8.020525000000001	0.1419	2.50487185546875	0.8955652625000005	0.31985705053710894
3.3	-0.7146046875000001	133.94466875	0.0075476562500000005	7.3411453125	0.13643515625	2.220170221543561	0.7805515260890153	0.2952933649563796
3.4	-0.6862703125	123.76260625	-0.0075796875000000005	7.16644375	0.133096875	2.1034518012867647	0.7739589845588235	0.27639006439230085
3.5	-0.6573984375	113.63821875000001	-0.0020414062500000003	5.8074890625	0.12112734375	1.6589777781696429	0.5861427745982143	0.2450617232142848
3.6	-0.6357296875	106.42674375	-0.00516484375	5.5571234375000005	0.11744921875	1.5417484669704862	0.5627160492621529	0.2286860682388105
3.7	-0.613071875	99.19930000000001	-0.00020546875	4.8045109375	0.10969140625000001	1.2985135486064188	0.4660179888091214	0.21766809915997057
3.8	-0.59416875	93.2564625	0.0104515625	4.713378125	0.10888125	1.2330036643092106	0.4417015039473685	0.19938487603878077
3.9	-0.5744015625000001	87.22579375000001	0.002434375	4.448075	0.10509062500000001	1.1401430506410257	0.41558997371794865	0.18158330502136694
4.0	-0.5596671875	82.95088125000001	0.0060921875	4.467603125	0.1049078125	1.11452543734375	0.41253923734375	0.17279230589843841
4.1	-0.540853125	77.61352500000001	0.00163046875	3.9711015625000003	0.09975390625000001	0.9683953670350611	0.3472405020960366	0.1622764234086855
4.2	-0.527628125	73.9125875	-0.001365625	3.822096875	0.0976796875	0.909909393452381	0.3284568117559524	0.1499081234410428
4.3	-0.510534375	69.370625	0.00128984375	3.8093609375	0.09762421875	0.885798844440407	0.3185013924055233	0.14307279056246627
4.4	-0.497634375	65.983225	0.00138046875	3.3945984375	0.09222578125	0.7713887681463067	0.27662867894176135	0.13364630049070259
4.5	-0.4833703125	62.37720625	0.00221171875	3.3856515625	0.09139765625	0.7520887305208334	0.27714388468750006	0.1265980416975309
4.6	-0.4708609375	59.273556250000006	0.0016523437500000002	3.1742890625	0.08933046875	0.6899108958899457	0.24596224018342394	0.1188936908967392
4.7	-0.46084843750000004	56.836993750000005	-0.0034546875000000003	3.194565625	0.08892968750000001	0.6790447445478723	0.24893454454787226	0.11169694293232212
4.8	-0.450834375	54.5006125	0.00456640625	2.9997453125	0.08672890625	0.6238348299153645	0.22377877054036457	0.10712648773871546
4.9	-0.43784062500000004	51.551	-0.00360546875	2.9095890625000003	0.08493359375000001	0.5931145336415816	0.21691386399872445	0.10306831726363974
5.0	-0.42955000000000004	49.7263875	0.00100390625	2.9724984375	0.08626953125	0.59444808671875	0.21344716796875002	0.09964030639999975
