T	E_avg	Esq_avg	M_avg	Msq_avg	Mabs_avg	X	X_prime	C
0.5	-2.0	16.0	-1.0	4.0	1.0	0.0	0.0	0.0
0.6	-2.0	16.0	-1.0	4.0	1.0	0.0	0.0	0.0
0.7	-2.0	16.0	-1.0	4.0	1.0	0.0	0.0	0.0
0.8	-1.9998	15.9984	-0.99995	3.9997000000000003	0.99995	0.00012498750000033976	0.00012498750000033976	0.002499749999998468
0.9	-1.9986000000000002	15.988800000000001	0.21395	3.9979	0.99965	4.238668433333333	0.0007772333333328558	0.01381748148147957
1.0	-1.9968000000000001	15.974400000000001	-0.2662	3.9946	0.9989	3.7111502400000003	0.0033951600000001747	0.0255590399999992
1.1	-1.9902000000000002	15.921600000000002	-0.0775	3.9828	0.9963000000000001	3.5988863636363635	0.011222945454545183	0.0644759008264455
1.2	-1.989	15.912	0.33335000000000004	3.9825000000000004	0.99675	2.948342591666667	0.00704812500000022	0.060774999999999336
1.3	-1.9706000000000001	15.764800000000001	0.20900000000000002	3.9518	0.9906	2.905443076923077	0.020497353846153577	0.13712577514792834
1.4	-1.965	15.7264	0.06910000000000001	3.9412000000000003	0.9879	2.801500542857143	0.026724542857142923	0.14362244897959156
1.5	-1.9512	15.6096	-0.0436	3.9198000000000004	0.9843000000000001	2.608130773333334	0.029609359999999956	0.16927743999999953
1.6	-1.9212	15.3696	0.20175	3.8687	0.97375	2.31617984375	0.047464843749999985	0.2365477499999997
1.7	-1.8826	15.067200000000001	-0.02305	3.8025	0.95975	2.235514582352941	0.06942338235294129	0.30812074740484485
1.8	-1.8736000000000002	14.992	0.0201	3.7868000000000004	0.9565	2.102879977777778	0.07068388888888893	0.29336177777777706
1.9	-1.8416000000000001	14.732800000000001	-0.04845	3.7367000000000004	0.94755	1.961742310526316	0.0764715736842106	0.32322375623268695
2.0	-1.7892000000000001	14.3232	-0.0431	3.6472	0.9287000000000001	1.8198847800000002	0.09863261999999984	0.3795633599999997
2.1	-1.7816	14.256	0.01575	3.6357000000000004	0.92695	1.7308132142857144	0.09464513809523818	0.35365209977324225
2.2	-1.7164000000000001	13.7408	-0.022850000000000002	3.5285	0.90575	1.6029143227272726	0.112258068181818	0.4042735867768591
2.3	-1.6602000000000001	13.304	-0.015950000000000002	3.4353000000000002	0.88685	1.4931662565217394	0.12577752608695647	0.430802238185255
2.4	-1.6378000000000001	13.1568	-0.0013000000000000002	3.3964000000000003	0.8776	1.4151638500000001	0.13153040000000005	0.4213966388888885
2.5	-1.5908	12.7584	0.026500000000000003	3.3198000000000003	0.8635	1.3267964	0.13490839999999996	0.42173143040000016
2.6	-1.5768	12.6752	-0.00895	3.3049	0.8621500000000001	1.2709921499999999	0.12757288846153825	0.40384719526627216
2.7	-1.5114	12.1552	0.00355	3.1911	0.8378500000000001	1.1818702185185184	0.1418998185185183	0.4139753305898489
2.8	-1.4738	11.876800000000001	-0.01755	3.1313	0.8260500000000001	1.1178814250000002	0.14352342499999982	0.4066905918367348
2.9	-1.4286	11.512	-0.0374	3.0522	0.8092	1.0505534344827585	0.14930394482758616	0.3981460356718193
3.0	-1.3852	11.2096	0.025400000000000002	2.9908	0.7988000000000001	0.99607312	0.14615807999999988	0.3927204266666667
3.1	-1.3768	11.1392	0.0132	2.9708	0.7931	0.9580977548387097	0.1466998580645161	0.37012352133194587
3.2	-1.3126	10.6544	0.01955	2.8649	0.7713500000000001	0.8948034968749999	0.15155522187499978	0.367453609375
3.3	-1.2834	10.4336	0.016800000000000002	2.8242000000000003	0.7652	0.8554760727272729	0.14608358787878797	0.35308886685032137
3.4	-1.252	10.2368	0.03555	2.7759	0.75505	0.81495435	0.1457347029411765	0.34314740484429074
3.5	-1.2292	10.022400000000001	0.0006000000000000001	2.7346	0.7468	0.7813138742857142	0.14393115428571424	0.32478934204081633
3.6	-1.1962000000000002	9.736	0.01895	2.6731000000000003	0.7332500000000001	0.742128775	0.14513270833333325	0.3096004814814814
3.7	-1.1336000000000002	9.3568	-0.00805	2.5783	0.71335	0.6967677810810811	0.14671002972972966	0.30800614755295824
3.8	-1.1364	9.3696	0.0263	2.5852	0.7157	0.6795876947368421	0.1411300105263158	0.2911343601108033
3.9	-1.1044	9.1328	-0.00805	2.5297	0.70335	0.6485745615384616	0.14125515641025638	0.2796845864562787
4.0	-1.0678	8.8336	0.0037	2.4708	0.6924	0.6176863100000001	0.13828224	0.26705079
4.1	-1.0558	8.779200000000001	-0.00585	2.4567	0.69005	0.5991617341463416	0.1346399975609756	0.2570104366448543
4.2	-1.0078	8.4624	-0.0114	2.3744	0.6708000000000001	0.5652095619047619	0.13678796190476183	0.2494193106575964
4.3	-0.9830000000000001	8.2672	0.00625	2.3363	0.66405	0.5432892441860466	0.1331279976744186	0.23807701460248787
4.4	-0.9740000000000001	8.272	0.0109	2.3324000000000003	0.6642	0.5299829	0.12903487272727276	0.23126528925619827
4.5	-0.9510000000000001	8.0432	-0.0047	2.2942	0.658	0.5098025866666667	0.12496533333333332	0.21854795061728396
4.6	-0.9406	7.985600000000001	0.00475	2.2761	0.65335	0.4947847282608696	0.12361632826086957	0.2101458676748583
4.7	-0.9024000000000001	7.7664	0.00825	2.2139	0.63865	0.4709846276595745	0.12391589574468086	0.2041239004074241
4.8	-0.8796	7.622400000000001	0.021400000000000002	2.1844	0.6341	0.45470170000000004	0.12001432500000002	0.19651108333333336
4.9	-0.8658	7.454400000000001	0.00485	2.1555	0.6283500000000001	0.43987875714285707	0.11759287959183665	0.18558773177842564
5.0	-0.859	7.416	-0.003	2.141	0.624	0.4281928	0.1166992	0.17857904000000002
