T	E_avg	Esq_avg	M_avg	Msq_avg	Mabs_avg	X	X_prime	C
0.5	-2.0	4096.0	-1.0	1024.0	1.0	0.0	0.0	0.0
0.6	-1.99999375	4095.97445	-0.9999984375000001	1023.996803125	0.9999984375000001	5.2041665791572695e-06	5.2041665791572695e-06	0.00013877777797056802
0.7	-1.9999179687500002	4095.66465625	-0.9999794921875	1023.9580410156251	0.9999794921875	5.797851567227294e-05	5.797851567227294e-05	0.0013252232125820712
0.8	-1.999615234375	4094.4273015625004	-0.9999033203125001	1023.8022097656251	0.9999033203125001	0.0002502429198614209	0.0002502429198614209	0.004921820068659598
0.9	-1.99896328125	4091.763175	-0.9997378906250001	1023.463834375	0.9997378906250001	0.0006266942706487397	0.0006266942706487397	0.010462246142017165
1.0	-1.9971218750000002	4084.243034375	-0.9992658203125	1022.498518359375	0.9992658203125	0.0015664030859170452	0.0015664030859170452	0.023351964999619668
1.1	-1.993964453125	4071.3652859375	-0.9984421875	1020.81555	0.9984421875	0.00314997954546925	0.00314997954546925	0.040978383135214326
1.2	-1.9884140625000002	4048.78275625	-0.996980859375	1017.83349609375	0.996980859375	0.006135098828110586	0.006135098828110586	0.07034769965249174
1.3	-1.980228125	4015.59029375	-0.994759765625	1013.30981015625	0.994759765625	0.010531583533642893	0.010531583533642893	0.1038961301773695
1.4	-1.96825078125	3967.2658625000004	-0.9914255859375001	1006.5383699218751	0.9914255859375001	0.016774893945239455	0.016774893945239455	0.14207005070156997
1.5	-1.9504859375	3896.1619531250003	-0.9863105468750001	996.1983351562501	0.9863105468750001	0.028290934895797665	0.028290934895797665	0.20492058777765326
1.6	-1.927871484375	3806.5676390625003	-0.9794599609375001	982.4361371093751	0.9794599609375001	0.04382404235833803	0.04382404235833803	0.26509990228280594
1.7	-1.898501171875	3691.7751421875	-0.9703109375000001	964.2107484375	0.9703109375000001	0.0655020205881422	0.0655020205881422	0.33393833428852365
1.8	-1.85928828125	3541.377384375	-0.9564443359375	936.9648503906251	0.9564443359375	0.12456900987419632	0.12456900987419632	0.44987705999226163
1.9	-1.80949765625	3354.946996875	-0.9381966796875001	901.7535605468751	0.9381966796875001	0.2186518608346576	0.2186518608346576	0.5768605178324236
2.0	-1.7418039062500001	3109.778478125	-0.9086873046875	846.506221484375	0.9086873046875	0.4882504796679541	0.4882504796679541	0.7711224873436322
2.1	-1.663973046875	2839.4846328125	-0.8697392578125	776.422086328125	0.8697392578125	0.8671412904575824	0.8671412904575824	0.9584990631731809
2.2	-1.5419261718750001	2442.5703171875	-0.24939277343750002	633.1641191406251	0.7759357421875	258.85210980324933	7.562732960209514	1.6473400839036114
2.3	-1.3726199218750001	1939.8969078125	0.3496333984375	365.916141796875	0.5589943359375	104.66903659767326	19.974818332184096	2.00253442081163
2.4	-1.211248828125	1509.7413046875001	0.16479042968750002	133.964244140625	0.3070521484375	44.231923819514975	15.591865731624347	1.2858700843912867
2.5	-1.108316796875	1263.4307890625	-0.0522345703125	63.679483203125	0.20453613281250002	24.354220023734378	8.336165146484372	0.8934207829749721
2.6	-1.031497265625	1094.2102234375	-0.0047556640625000006	38.182841015625	0.1556833984375	14.67680072414363	5.139932605153245	0.6934816316336658
2.7	-0.9611097656250001	950.1885765625001	-0.017816796875000002	21.35956640625	0.115012890625	7.790559124942129	2.8941223096643514	0.5880696056027023
2.8	-0.9064933593750001	845.3795390625	0.0047716796875000005	15.464843359375001	0.09825136718750001	5.5148314207449785	1.9927972348074778	0.5009953338448503
2.9	-0.8571460937500001	756.0028125	-0.011540429687500001	13.792300390625	0.0913294921875	4.708938798908944	1.8107029034348057	0.43645662834422067
3.0	-0.817028125	687.249784375	-0.0104369140625	12.460937109375001	0.0883982421875	4.116464544674479	1.4863819687369795	0.4104431516666662
3.1	-0.7812671875	628.6181656250001	-0.0015187500000000001	10.2679640625	0.08051875	3.3114845491935485	1.1706762911290323	0.3736384310614004
3.2	-0.745044140625	571.6812015625001	-0.0054962890625000005	8.195929296875	0.0718154296875	2.551560963366699	0.9108420040893556	0.31916519212341615
3.3	-0.71412578125	525.451859375	0.00017480468750000002	7.1657589843750005	0.06658964843750001	2.171432634647254	0.7955022286813445	0.2972279866276332
3.4	-0.6848265625000001	483.4035375	0.0037396484375	6.556361328125	0.0642603515625	1.924129623058364	0.684665623058364	0.2733926208909991
3.5	-0.6600011718750001	449.17155156250004	-0.0006667968750000001	6.04629296875	0.061092968750000004	1.7273821942410716	0.6355330623214286	0.25433204580356833
3.6	-0.63591953125	416.98923125000005	0.0001703125	5.7225695312500005	0.060053125000000006	1.5895943968750001	0.5637885114583332	0.22300412186535856
3.7	-0.614068359375	389.0253265625	0.004948437500000001	5.2260796875	0.057008203125000004	1.4056770175675675	0.5130124374577701	0.2115016637942821
3.8	-0.5949195312500001	365.250528125	0.00167890625	4.76929609375	0.05446328125	1.2543183468750003	0.4557518718750001	0.1957740647074061
3.9	-0.573938671875	340.0428984375	0.00025761718750000003	4.331836328125	0.0519439453125	1.1107098381310097	0.40228377194511217	0.17959007140655875
4.0	-0.556484375	319.78306875000004	-9.375000000000001e-06	4.174503125	0.051044531250000004	1.04362575875	0.37660647359375	0.1672507812500008
4.1	-0.5409265625	302.33474375000003	0.0016814453125	3.934336328125	0.0493814453125	0.9588881013624239	0.35055720380144817	0.16125881186793625
4.2	-0.5242089843750001	283.9637109375	-8.76953125e-05	3.7122722656250002	0.0484771484375	0.8838724739490327	0.3109136978329614	0.1458940031090532
4.3	-0.5101734375	269.168509375	0.00045078125	3.51799921875	0.046919140625	0.8180909623546512	0.29389761013808136	0.1430463262574348
4.4	-0.49733906250000004	255.872965625	-0.0006765625000000001	3.645603125	0.04754453125	0.8284396369318181	0.3024702487215909	0.13380759826962696
4.5	-0.48457851562500004	242.9716234375	-0.0008322265625000001	3.6821066406250003	0.047650195312500004	0.8180883149218751	0.3015716756857639	0.12442930986882554
4.6	-0.47196523437500004	230.6492734375	-0.0009285156250000001	3.3235773437500002	0.045698828125	0.7223248937160327	0.2576246222486414	0.12060787333854957
4.7	-0.45936171875000004	218.60645625	-0.0022652343750000003	3.1146281250000003	0.044080078125000005	0.6615688696476064	0.23934926778590424	0.11448397778972308
4.8	-0.44957109375000004	209.4035375	-0.000968359375	2.97848125	0.04301796875	0.6203168801757812	0.225733858203125	0.105843277967663
4.9	-0.437309375	198.27417812500002	0.000105078125	3.02230859375	0.04330859375	0.6167953647640306	0.22482838329081634	0.10183010891295366
5.0	-0.42798203125	189.95088750000002	-0.00023535156250000002	2.884853515625	0.042577148437500004	0.5769593591796875	0.20570648417968745	0.0954488627750004
