T	Mabs_avg
0.5	1.0
0.52	0.9999994140625
0.54	0.9999984375000001
0.56	0.9999996093750001
0.58	0.9999990234375
0.6	0.99999765625
0.62	0.9999958984375
0.64	0.9999912109375001
0.66	0.9999875
0.68	0.9999806640625001
0.7	0.9999771484375001
0.72	0.9999722656250001
0.74	0.999960546875
0.76	0.99994765625
0.78	0.999923046875
0.8	0.9999058593750001
0.82	0.999880859375
0.84	0.9998412109375
0.86	0.999802734375
0.88	0.9997705078125001
0.9	0.999709765625
0.92	0.999655859375
0.94	0.9995498046875001
0.96	0.9994941406250001
0.98	0.9993912109375
1.0	0.99926484375
1.02	0.9991201171875
1.04	0.9989957031250001
1.06	0.9988544921875
1.08	0.9986423828125001
1.1	0.998492578125
1.12	0.9982400390625
1.14	0.9979736328125001
1.16	0.9976658203125001
1.18	0.9973500000000001
1.2	0.9970386718750001
1.22	0.9966910156250001
1.24	0.996230859375
1.26	0.9958095703125001
1.28	0.9953162109375
1.3	0.994823828125
1.32	0.9942132812500001
1.34	0.993613671875
1.36	0.9928060546875
1.38	0.99209140625
1.4	0.9913837890625
1.42	0.9906119140625
1.44	0.9897546875000001
1.46	0.9885767578125001
1.48	0.9876888671875
1.5	0.98646875
1.52	0.985245703125
1.54	0.9840205078125001
1.56	0.98269609375
1.58	0.9811021484375001
1.6	0.9796373046875001
1.62	0.977950390625
1.64	0.976129296875
1.66	0.9744308593750001
1.68	0.972239453125
1.7	0.9698037109375001
1.72	0.9680265625000001
1.74	0.9652775390625
1.76	0.9627726562500001
1.78	0.95931640625
1.8	0.95664375
1.82	0.9531539062500001
1.84	0.9501685546875
1.86	0.94616171875
1.88	0.9418740234375
1.9	0.9384255859375
1.92	0.934670703125
1.94	0.9293927734375
1.96	0.924236328125
1.98	0.9172851562500001
2.0	0.9123160156250001
2.02	0.90360234375
2.04	0.8973830078125
2.06	0.8894560546875
2.08	0.8784392578125001
2.1	0.8657435546875001
2.12	0.8556580078125
2.14	0.8458789062500001
2.16	0.8170369140625
2.18	0.811016015625
2.2	0.7895628906250001
2.22	0.7786255859375001
2.24	0.711078125
2.26	0.6910402343750001
2.28	0.660053125
2.3	0.5775583984375
2.32	0.467009375
2.34	0.5172654296875
2.36	0.4339138671875
2.38	0.371137890625
2.4	0.31234062500000004
2.42	0.325908984375
2.44	0.24780546875
2.46	0.2686396484375
2.48	0.20802929687500002
2.5	0.2093146484375
2.52	0.19921757812500002
2.54	0.174476171875
2.56	0.160490234375
2.58	0.168108203125
2.6	0.143257421875
2.62	0.1401693359375
2.64	0.144214453125
2.66	0.12859296875
2.68	0.1317482421875
2.7	0.130421875
2.72	0.1200935546875
2.74	0.1157892578125
2.76	0.1206181640625
2.78	0.1166310546875
2.8	0.106896875
2.82	0.106803125
2.84	0.10921562500000001
2.86	0.09839296875
2.88	0.0960876953125
2.9	0.09462480468750001
2.92	0.09104453125
2.94	0.09044511718750001
2.96	0.0908927734375
2.98	0.08338261718750001
3.0	0.0846408203125
3.02	0.08322382812500001
3.04	0.08350703125
3.06	0.08129765625
3.08	0.0769791015625
3.1	0.077171875
3.12	0.0747462890625
3.14	0.07411699218750001
3.16	0.07302089843750001
3.18	0.0732125
3.2	0.073176171875
3.22	0.07188359375
3.24	0.0738681640625
3.26	0.06780820312500001
3.28	0.070532421875
3.3	0.0666328125
3.32	0.06903984375000001
3.34	0.06675390625000001
3.36	0.0629228515625
3.38	0.064920703125
3.4	0.0655828125
3.42	0.06406328125
3.44	0.063131640625
3.46	0.06273808593750001
3.48	0.062453320312500005
3.5	0.06358593750000001
3.52	0.061619921875000004
3.54	0.061007421875
3.56	0.059748046875
3.58	0.0614908203125
3.6	0.058739453125
3.62	0.0582712890625
3.64	0.0583578125
3.66	0.0580240234375
3.68	0.0568939453125
3.7	0.057062890625
3.72	0.057072656250000006
3.74	0.056804296875
3.76	0.055707421875
3.78	0.055097265625
3.8	0.056444921875000005
3.82	0.05480078125
3.84	0.0532408203125
3.86	0.053547656250000006
3.88	0.054896679687500005
3.9	0.052377929687500005
3.92	0.052725390625
3.94	0.052084765625
3.96	0.051615234375
3.98	0.052540625
4.0	0.0517365234375
4.02	0.0515990234375
4.04	0.0506326171875
4.06	0.051002734375000004
4.08	0.0504830078125
4.1	0.0496369140625
4.12	0.0496341796875
4.14	0.0502716796875
4.16	0.0503291015625
4.18	0.049741796875
4.2	0.0486642578125
4.22	0.04846171875
4.24	0.048575976562500005
4.26	0.048007031250000005
4.28	0.0474798828125
4.3	0.048787695312500004
4.32	0.048358984375000004
4.34	0.0467859375
4.36	0.0468978515625
4.38	0.046333203125
4.4	0.046944335937500005
4.42	0.0458796875
4.44	0.045706250000000004
4.46	0.0468330078125
4.48	0.045708984375000004
4.5	0.045686328125
4.52	0.045784765625
4.54	0.045518554687500004
4.56	0.0458654296875
4.58	0.0448853515625
4.6	0.045447265625000004
4.62	0.044873046875
4.64	0.044961914062500004
4.66	0.045092578125000005
4.68	0.0437666015625
4.7	0.0436181640625
4.72	0.0439185546875
4.74	0.0445572265625
4.76	0.043552734375
4.78	0.043315625
4.8	0.043954882812500005
4.82	0.0433072265625
4.84	0.04331171875
4.86	0.043314843750000005
4.88	0.0439974609375
4.9	0.0429380859375
4.92	0.043093359375
4.94	0.043068164062500004
4.96	0.0421435546875
4.98	0.04306953125
5.0	0.0430580078125
