T	E_avg	Esq_avg	M_avg	Msq_avg	Mabs_avg	X	X_prime	C
0.5	-2.0	64.0	1.0	16.0	1.0	0.0	0.0	0.0
0.6	-2.0	64.0	1.0	16.0	1.0	0.0	0.0	0.0
0.7	-1.9997250000000002	63.9849	0.9999250000000001	15.997800000000002	0.9999250000000001	0.000285585714284561	0.000285585714284561	0.005099571428550982
0.8	-1.9994	63.9664	0.99985	15.995500000000002	0.99985	0.0003745500000018609	0.0003745500000018609	0.007490999999992807
0.9	-1.99885	63.9356	0.9997125	15.991375000000001	0.9997125	0.0006374194444467049	0.0006374194444467049	0.011331901234564226
1.0	-1.9976	63.8656	0.9994000000000001	15.982000000000001	0.9994000000000001	0.0011942399999984588	0.0011942399999984588	0.019107839999996656
1.1	-1.9937250000000002	63.651700000000005	0.9983625	15.951575	0.9983625	0.0035746340909073833	0.0035746340909073833	0.0435289173553646
1.2	-1.9896250000000002	63.4253	0.997275	15.919500000000001	0.997275	0.00548432500000029	0.00548432500000029	0.06081788194443543
1.3	-1.9820250000000001	63.002900000000004	0.9953125	15.860975000000002	0.9953125	0.0081718749999997	0.0081718749999997	0.08765111834319023
1.4	-1.9660250000000001	62.1499	0.9907	15.73135	0.9907	0.019690114285713736	0.019690114285713736	0.15603632142856744
1.5	-1.9534	61.4806	0.6172000000000001	15.62875	0.987025	6.35585104	0.02750425999999943	0.19033557333333484
1.6	-1.92575	60.0452	-0.633525	15.4014	0.9787	5.612335743750001	0.047338100000000605	0.27694960937499896
1.7	-1.895775	58.514500000000005	-0.7227	15.1361	0.968325	3.98786785882353	0.07861594705882462	0.3498596505190325
1.8	-1.8708250000000002	57.203500000000005	0.28873750000000004	14.931925000000001	0.9611125	7.554453054166666	0.08451622083333375	0.37151886111111
1.9	-1.81685	54.64	-0.2603125	14.443675	0.9411625	7.031301809210527	0.14267651447368443	0.5055117008310246
2.0	-1.7599	51.9016	-0.0702625	13.950625	0.9214875	6.9358179487500005	0.18219879875	0.5864079600000007
2.1	-1.695125	48.9923	-0.1703375	13.356975	0.8952875	6.139398655952381	0.2534950845238093	0.6841541383219952
2.2	-1.6173250000000001	45.5167	0.0182	12.6754	0.866425	5.759136436363636	0.3019652318181814	0.757201964876031
2.3	-1.5370000000000001	41.9474	-0.0122375	11.916575	0.8329625	5.18007778152174	0.3545002510869559	0.7844037807183352
2.4	-1.4622000000000002	38.8292	-0.0596375	11.215775	0.7989625	4.649528707291667	0.41763240729166673	0.8022115555555542
2.5	-1.3549250000000002	34.4741	0.071075	10.2377	0.7536	4.062749404	0.46043705599999996	0.8161523055999987
2.6	-1.309025	32.5829	0.0363875	9.855975	0.7366125	3.782611614423077	0.45169515288461587	0.7642243772189347
2.7	-1.214725	29.102700000000002	-0.017625000000000002	8.96805	0.6914	3.3196591666666664	0.48870616296296265	0.753606418381344
2.8	-1.154525	26.8871	0.0212375	8.435525	0.6641875	3.0101101776785715	0.49185872767857136	0.7092158660714285
2.9	-1.064775	23.6237	0.028650000000000002	7.620850000000001	0.622625	2.623350634482759	0.4890550862068968	0.6520531736028535
3.0	-1.035175	22.694300000000002	-0.013787500000000001	7.388575	0.6096375	2.4618444925	0.48068296583333314	0.6165448344444447
3.1	-0.95235	19.8308	0.0365375	6.641225	0.5700125	2.13544037983871	0.46535387016129026	0.5535142185223723
3.2	-0.888225	17.5805	-0.0166	6.07165	0.5403	1.896012825	0.4377701749999999	0.4841212490234374
3.3	-0.8702000000000001	17.2092	-0.033	5.95165	0.531875	1.798250303030303	0.43193750000000014	0.46769801285583085
3.4	-0.814625	15.4237	-0.0252625	5.5157750000000005	0.5098625	1.6192834992647063	0.3989466757352943	0.41573336937716254
3.5	-0.7861250000000001	14.5127	0.029425	5.22095	0.491875	1.4877419171428572	0.3856839285714286	0.3775363061224489
3.6	-0.774525	14.1867	-0.003275	5.1767	0.490725	1.437924552777778	0.36770099722222227	0.3540491041666667
3.7	-0.7081000000000001	12.262	0.007562500000000001	4.572625	0.45361250000000003	1.2355972804054054	0.3460530263513513	0.3096793455076698
3.8	-0.6682	11.2332	-0.00855	4.30075	0.437275	1.1314685157894737	0.32668399736842096	0.2831953019390582
3.9	-0.6596500000000001	10.9878	-0.0160875	4.234825	0.4340375	1.0847907891025639	0.31297645576923067	0.2646673267587113
4.0	-0.62415	10.035400000000001	-0.011375	3.97785	0.41947500000000004	0.9939449375	0.29062539749999994	0.2376492775000001
4.1	-0.5945250000000001	9.356300000000001	0.009600000000000001	3.75925	0.40405	0.9165305951219513	0.2797920878048781	0.2201630214158239
4.2	-0.57945	8.913	0.00125	3.6071500000000003	0.39615	0.8588392857142858	0.26099829523809526	0.20072580272108845
4.3	-0.559775	8.5503	-0.0034000000000000002	3.5241000000000002	0.390625	0.8195151255813955	0.2517892441860466	0.1912780524607896
4.4	-0.544075	8.1957	0.0042250000000000005	3.4061500000000002	0.382475	0.7740600886363636	0.2421718159090909	0.17868896229338846
4.5	-0.529	7.875800000000001	0.0001	3.3019000000000003	0.376	0.7337555200000001	0.2310853333333334	0.1678194567901235
4.6	-0.5159750000000001	7.4179	-0.014812500000000001	3.157525	0.3671625	0.6856553125000001	0.21752003858695657	0.14925410160680527
4.7	-0.491425	6.9823	0.0044	3.0334000000000003	0.35907500000000003	0.6453383489361703	0.20647708723404257	0.14116448664554096
4.8	-0.4817	6.7526	-0.0016375	2.9499250000000004	0.3529875	0.6145587703125001	0.1992337911458334	0.13194625694444445
4.9	-0.474275	6.7439	-0.0047625	2.9627250000000003	0.3536625	0.6045636933673469	0.19622252602040827	0.13098340649729276
5.0	-0.44955	6.3016000000000005	0.0040625	2.7887250000000003	0.3417625	0.5576921875	0.1839798595	0.12272307040000001
