T	E_avg	Esq_avg	M_avg	Msq_avg	Mabs_avg	X	X_prime	C
0.5	-1.8405625	220.31545	-0.6802	45.066825	0.74445625	0.0	0.0	0.0
0.6	-1.999975	255.9938	-0.99999375	63.99921250000001	0.99999375	2.082916666997411e-05	2.082916666997411e-05	0.0005554444444536937
0.7	-1.9998375	255.95970000000003	-0.999959375	63.99488125000001	0.999959375	0.0001159205357075572	0.0001159205357075572	0.002649612244860172
0.8	-1.99955625	255.890025	-0.9998875	63.9858375	0.9998875	0.000295862499992694	0.000295862499992694	0.00564437109371596
0.9	-1.9989	255.72735	-0.999721875	63.96498125	0.999721875	0.0006403326388790573	0.0006403326388790573	0.010953777777725592
1.0	-1.99683125	255.214825	-0.99919375	63.89852500000001	0.99919375	0.0016833974999954648	0.0016833974999954648	0.02538237749999439
1.1	-1.994475	254.6339	-0.998584375	63.82206875	0.998584375	0.002854994886353717	0.002854994886353717	0.03830277685950507
1.2	-1.988475	253.15575	-0.996984375	63.62181875	0.996984375	0.006030611979165694	0.006030611979165694	0.06781191666666883
1.3	-1.97920625	250.882225	-0.99449375	63.310875	0.99449375	0.010565074999997991	0.010565074999997991	0.1051790991124234
1.4	-1.9676	248.06625000000003	-0.991228125	62.90654375	0.991228125	0.017442299553575173	0.017442299553575173	0.14972722448980993
1.5	-1.95065	243.96605	-0.986396875	62.31051875	0.986396875	0.026583912916663618	0.026583912916663618	0.19723687111112065
1.6	-1.93024375	239.114925	-0.980309375	61.57084375	0.980309375	0.04151851523437333	0.04151851523437333	0.2582442177734289
1.7	-1.90021875	232.072975	-0.97038125	60.3892375	0.97038125	0.07311305735293541	0.07311305735293541	0.33902143166090115
1.8	-1.85761875	222.311675	-0.9561625	58.7216875	0.9561625	0.11660944999999935	0.11660944999999935	0.4518024992283941
1.9	-1.8187625	213.5699	-0.94270625	57.188	0.94270625	0.1639554092105225	0.1639554092105225	0.5164792216066509
2.0	-1.74734375	198.216475	-0.8980656250000001	53.98068125	0.912821875	1.1816408871874984	0.3265398096875032	0.702755859375003
2.1	-1.684925	185.18505	0.887034375	51.25003125	0.8870718750000001	0.4251963687499972	0.4231688187499977	0.7915704399093028
2.2	-1.56955625	162.658025	-0.015934375	45.51875625	0.825446875	20.682957442897727	0.8688879406250003	1.0317331399793428
2.3	-1.46594375	143.358325	-0.095596875	40.29560625	0.766990625	17.265532804076088	1.1504481062499985	1.1007364834593545
2.4	-1.35610625	124.282975	-0.053921875	34.52436875	0.694390625	14.307618483072918	1.5270645768229156	1.1433035898437485
2.5	-1.21650625	101.812425	-0.030996875	27.18411875	0.5946781250000001	10.84905085975	1.8204104477499985	1.1359404475999986
2.6	-1.107525	84.7873	-0.0033093750000000003	21.738043750000006	0.520059375	8.360516470913463	1.7032659709134634	0.9296088698224839
2.7	-1.01289375	71.312625	-0.05719375	17.2645375	0.45069375	6.316735369444444	1.579461739814814	0.7752517253086383
2.8	-0.9546375	63.57865	-0.037996875	15.27238125	0.421790625	5.4214215890625015	1.3879685872767848	0.6700706109693882
2.9	-0.88928125	55.31307500000001	-0.008428125	12.41753125	0.373453125	4.280339696336208	1.2040096928879318	0.5589205633174791
3.0	-0.8444750000000001	50.00845	-0.032087500000000005	11.0181375	0.34961875000000003	3.650747536666667	1.0650693991666662	0.4852907066666658
3.1	-0.79553125	44.588275	-0.016865625000000002	9.46868125	0.320115625	3.0485408046370965	0.9388207723790324	0.4250361017169617
3.2	-0.75075625	39.781025	0.014328125	8.17130625	0.29685937500000004	2.5494272998046883	0.7910234326171872	0.3621473044433588
3.3	-0.7241437500000001	37.050125	0.01105	7.30475	0.27625625000000004	2.2111925575757576	0.7334633325757574	0.3204350851698801
3.4	-0.69248125	34.077375	-0.007018750000000001	6.6453625	0.26411875	1.9535910816176472	0.6414131757352939	0.2930308804065743
3.5	-0.66351875	31.339075	0.007912500000000001	6.0218875	0.25046875	1.71939446	0.5733924107142856	0.2581729451020407
3.6	-0.6356125	28.93965	0.00979375	5.5420750000000005	0.23870625	1.5377600770833333	0.5264755215277778	0.23791990663580226
3.7	-0.62055625	27.640425	-0.00911875	5.2112875	0.23015	1.407017783108108	0.4922351513513512	0.21874807870708526
3.8	-0.5962375	25.665750000000006	0.008025000000000001	4.7616000000000005	0.22083125	1.2519679894736844	0.4317230993421053	0.20178697991689787
3.9	-0.57864375	24.297525	-0.012690625	4.75993125	0.220328125	1.217852288301282	0.4238677844551281	0.18859272041420114
4.0	-0.5596375	22.873900000000006	0.0050281250000000005	4.30424375	0.208446875	1.07565642484375	0.3808593423437501	0.17684222437500008
4.1	-0.53935625	21.429475	0.001621875	4.08538125	0.204696875	0.9963933900914635	0.3423730169207318	0.1672542818262939
4.2	-0.52513125	20.337175	0.008540625	3.87143125	0.198471875	0.9206578438988094	0.3215242379464285	0.15240101459750552
4.3	-0.5166000000000001	19.77205	0.009059375	3.73826875	0.195121875	0.8681432847383722	0.30270367427325584	0.1455929778258516
4.4	-0.4994312500000001	18.568525	-0.003353125	3.54615625	0.190390625	0.8057810612215909	0.2786923828124999	0.13455084181301638
4.5	-0.48544375	17.640925	0.0054625	3.3989000000000003	0.1861125	0.7548867355555555	0.2626837311111111	0.12636861222222215
4.6	-0.4702	16.775750000000002	-0.009228125	3.3154812500000004	0.183909375	0.7195719824728263	0.2501806792119566	0.1241075349716447
4.7	-0.46508125	16.407475	0.002771875	3.20984375	0.179665625	0.6828408551861702	0.2433916158244681	0.11608142043911275
4.8	-0.4472	15.30045	-0.0008500000000000001	3.1324750000000003	0.17850000000000002	0.6525893250000001	0.2277689583333333	0.10856025347222223
4.9	-0.4378	14.71865	-0.008334375	2.94035625	0.171196875	0.5991654478316327	0.21726950395408165	0.10211762765514366
5.0	-0.4285875	14.20465	0.00195625	2.826525	0.16789375	0.5652560154999999	0.2044946155	0.0979466524
